              precision    recall  f1-score   support

           0       0.78      0.84      0.81      1000
           1       0.77      0.95      0.85      1000
           2       0.80      0.70      0.74      1000
           3       0.57      0.82      0.67      1000
           4       0.78      0.69      0.73      1000
           5       0.91      0.57      0.70      1000
           6       0.81      0.85      0.83      1000
           7       0.82      0.86      0.84      1000
           8       0.90      0.83      0.87      1000
           9       0.92      0.75      0.82      1000

    accuracy                           0.79     10000
   macro avg       0.80      0.79      0.79     10000
weighted avg       0.80      0.79      0.79     10000
